1582
2188
3294
5528
5701
5710
7073
8515
9848
10456
15446
21512
23160
23720
25157
25395
26742
27057
27081
28793
29720
30281
30688
34501
37298
37671
38754
38965
39383
39572
39993
40652
42034
43787
43869
44161
44354
44445
45954
46210
46635
47403
47598
47846
47879
48039
50043
51555
51871
52832
57352
59349
61242
62374
63803
64557
65110
65568
67720
69554
69691
70497
73150
73936
74442
76550
76724
77352
77889
78449
78669
80153
81998
82058
84849
85109
85341
86974
87780
88934
88984
89103
89291
90248
91313
92812
93070
93970
93994
94587
95070
95249
95352
97138
97341
101476
104269
104807
108036
108889
110278
110420
112085
112285
113306
113353
113999
114080
114863
115005
115839
116287
116931
116981
117090
120390
121795
122168
122281
122309
123276
123682
125464
128569
129153
129247
130726
130841
131250
131384
131474
132795
133695
133829
133924
135918
136505
137388
137492
141787
142175
142375
142812
142952
145143
145306
147252
148026
148385
151196
152880
155212
157544
158974
159009
159704
160798
161997
163047
163651
164063
164136
165045
167088
167114
167768
168520
169281
169553
170195
170460
171754
171888
174049
175198
176163
180301
181591
182187
185488
186830
188710
189183
189531
189952
190102
196570
197433
198427
198451
200256
200713
201323
202384
202721
202767
203492
204468
204745
205411
205789
207580
208634
209651
210593
211228
211413
211963
212034
212835
214433
215418
216338
220435
220920
221880
227988
229167
231034
232205
232715
233142
237714
237804
237882
238656
239564
241519
243702
244113
250451
251938
252586
254209
255036
256177
256365
256466
256776
259198
259286
259322
260576
261369
261553
261816
262542
263557
268935
269843
270276
270854
271883
272653
273160
273562
274100
275119
275234
276088
276130
276233
279078
280951
282146
282813
283781
284220
284723
284774
284871
285967
286373
286883
288336
288807
289432
290676
290729
291616
291885
292693
293056
294479
294483
295011
295089
295779
298932
300631
301094
301459
303752
304142
305660
306680
307045
307535
307643
308588
309384
310324
310571
311136
311175
312396
314740
315139
316209
316455
317120
317857
320067
320994
321477
321664
321697
323213
324850
326860
327757
329039
330908
330967
331286
332912
333441
335842
337448
338384
339650
340952
342550
343060
344298
345348
347922
349244
349364
351281
352740
352744
353119
355637
358801
358981
359738
360025
360431
362462
364417
365507
365620
365651
365718
367052
367698
370080
370133
370738
371989
371995
374354
375443
376002
376880
377588
380852
381153
381356
384558
385762
385964
386965
387969
390264
392566
393693
394089
395382
396526
397221
399093
399259
399345
400799
400904
403513
403718
403862
404945
405418
406974
407081
407465
411442
411756
413255
413918
414728
415107
417485
418551
421017
421614
422860
422972
424805
424958
425416
427447
427953
429681
430714
436539
437823
438198
438237
439255
440109
441559
442867
442915
444133
446414
446421
446653
448088
448575
451962
452406
455523
457287
458595
461454
463145
463997
464122
464887
465561
467191
468060
468255
473014
473256
473575
474019
474146
474812
474915
476330
476511
479805
482258
484022
484601
485165
489294
489819
491706
495158
497420
497878
498642
499877
501278
501480
501908
501914
503256
504246
505230
505261
507647
509454
509909
511417
514304
515405
516131
517342
518298
519317
519919
520151
523201
526442
527656
528143
528160
528451
529603
529822
533371
533959
534265
534377
535217
535420
535809
536275
536748
537026
538060
538297
538585
542305
543754
545673
546230
548191
548286
548486
550979
553801
554188
554424
556021
556548
557785
558669
559548
561752
561945
564138
564435
565013
565034
565339
565875
565938
567293
568989
569601
570355
571465
571509
572008
572490
572517
574622
575648
578105
578751
580596
584048
585249
586235
586349
587986
588309
589458
590379
590618
591212
591933
592094
592427
594417
596313
596429
597443
600394
601138
601969
604965
605995
606278
606681
608569
609875
610223
610860
612187
613649
615019
616274
616665
617593
618180
618953
619704
620386
622123
622460
623456
623787
626792
627063
627923
629090
631910
632646
632651
634298
639559
640289
640651
641843
643415
643565
643717
645211
646276
646554
647145
647225
647688
648863
649380
651623
651972
654064
655890
658797
660056
662964
664322
665470
666144
666666
668180
668669
670235
671042
674183
674467
674586
674602
675919
676411
678132
678812
679342
682299
682548
683418
683447
685484
685847
687884
688028
688614
689196
689749
690089
694980
695596
695947
696770
696792
697713
697939
700115
702399
704392
706273
708600
714882
715130
715778
716111
717198
717558
718579
719004
719663
719738
720385
721666
721956
722229
723338
723427
724770
725027
726757
729809
729912
730254
730602
732662
734564
736912
737254
737524
739638
739906
740643
743179
743705
744978
745175
745383
747569
748941
749052
749300
750210
750298
752439
762612
763622
764414
764741
764766
765013
768403
768889
769230
770665
770975
771890
772336
772609
774024
774584
778640
779005
779176
780568
780830
781066
781595
783199
785922
787959
788423
788439
788462
789507
789737
789931
790298
790802
791116
791329
793348
794216
796137
796665
797117
798954
800256
801979
802394
803180
806739
806864
807225
807957
808630
809782
811486
811699
812928
812989
813752
814536
816515
819053
819272
820350
820448
820714
821212
822009
822318
822456
822808
825017
826211
826421
827225
827621
827902
827975
828411
829954
830580
834097
835214
835456
837022
837859
838647
839035
839075
839223
840287
841115
841951
842421
842858
845419
846955
848346
848409
849059
849550
851265
851539
853519
854187
854461
855289
857331
858399
858781
860054
860854
866944
867439
868525
869660
870430
872161
874165
874674
874829
875598
875969
876114
878900
880554
880759
882175
882540
883656
883760
884823
884962
885392
889415
889799
890483
891046
891847
892453
892595
893245
893280
894845
897083
898173
898922
899839
900202
900221
900524
902563
902728
903531
903537
905626
905889
906192
907751
907910
908188
908464
909250
910126
911922
912774
913336
913539
916245
916450
917166
918166
919506
921524
922583
922885
923006
925571
926722
927059
927515
927864
928255
928916
930043
930129
931801
932838
933096
933776
934415
935628
937979
938975
939628
940066
940491
940588
941197
941465
941647
943218
943342
947085
947514
948091
949103
950280
951671
952289
952801
955317
955673
956945
961369
961779
962279
962295
962437
963946
964977
966047
966161
966882
966883
967613
970519
970776
971412
972545
973638
974315
975742
976116
976748
976935
977395
977768
979042
984753
985436
985696
986132
986197
986795
987241
990707
990823
992662
993463
993956
995628
998430
999490
1000812
1001686
1001837
1003213
1004740
1008091
1012383
1013839
1014404
1014769
1014976
1015169
1016084
1016206
1017636
1018782
1023072
1023763
1026062
1026317
1028519
1029120
1033920
1034380
1035254
1035847
1036799
1036959
1038671
1039255
1039573
1040068
1041211
1042912
1043200
1044183
1044515
1044962
1047591
1049307
1049726
1051498
1053367
1054144
1055450
1056001
1057205
1057928
1058041
1059718
1060639
1061113
1063504
1063996
1065514
1065717
1067069
1067551
1069234
1070781
1070874
1073606
1073669
1073698
1073703
1075772
1076472
1076560
1076715
1077060
1077077
1079349
1079656
1081483
1082627
1082993
1084957
1085701
1087281
1087927
1088446
1089511
1090089
1090708
1091695
1093441
1094958
1095044
1096505
1097341
1097502
1100699
1100907
1101425
1102052
1102111
1102140
1103502
1103809
1105239
1106722
1108159
1108885
1109968
1111410
1112621
1113362
1115681
1115977
1116919
1117049
1119180
1119295
1119649
1120033
1125834
1126224
1126946
1127460
1127868
1129077
1129441
1129705
1130363
1130593
1131653
1132361
1133896
1135321
1138886
1138958
1140061
1141473
1141637
1142228
1142266
1142917
1143046
1143646
1144386
1144443
1147714
1147985
1148996
1149030
1149833
1150068
1150149
1151748
1152046
1152109
1152802
1154159
1155366
1157390
1158745
1159439
1159731
1160450
1162093
1162303
1165760
1167163
1168627
1169541
1170698
1171124
1171277
1172353
1173239
1173908
1174265
1174351
1174499
1175737
1176095
1177523
1178053
1179118
1179737
1179751
1180284
1182730
1183144
1184596
1185436
1187660
1187765
1188786
1189388
1190468
1191562
1192807
1193225
1194175
1194524
1194677
1195188
1195755
1197419
1197886
1198278
1199015
1199032
1199467
1201336
1202778
1203549
1204449
1205908
1206296
1206461
1207965
1209462
1211292
1213356
1216636
1216784
1217044
1218276
1219351
1219394
1221609
1222030
1222337
1224525
1227467
1227903
1228518
1228993
1229859
1230283
1233382
1234171
1235580
1235818
1235916
1236771
1237273
1238533
1239725
1242156
1242734
1243044
1243129
1243189
1243264
1244553
1245041
1248580
1249065
1249261
1249604
1250312
1252537
1252857
1253372
1254608
1254970
1256601
1256909
1260429
1260996
1261659
1267911
1270612
1270988
1271054
1271266
1272050
1272572
1273807
1274052
1274557
1275008
1276041
1277951
1278088
1278317
1278407
1280255
1280816
1282123
1282222
1282527
1282617
1283034
1285487
1286597
1286795
1286820
1286903
1287963
1289610
1289968
1290335
1290400
1290765
1292305
1293335
1296717
1299637
1300752
1301397
1301978
1303652
1306079
1306609
1307875
1308274
1308670
1309266
1310139
1310170
1310263
1310302
1310975
1311324
1313061
1314570
1316998
1317226
1317318
1318312
1318747
1318753
1320403
1320556
1320759
1325769
1325949
1326223
1327527
1327670
1327858
1328487
1328752
1329697
1332692
1332933
1333576
1333887
1334054
1335838
1336405
1337160
1339109
1340718
1340893
1342759
1343564
1345205
1346314
1346515
1347687
1348136
1348465
1348909
1351048
1351183
1352955
1353598
1354705
1356193
1357940
1361147
1363583
1364311
1364861
1365951
1367016
1367640
1367736
1367960
1368308
1369152
1372445
1375806
1376070
1376216
1379000
1379263
1379554
1379878
1382361
1382878
1394148
1394825
1395485
1395615
1396919
1398362
1398539
1400479
1400660
1403677
1405335
1405924
1407556
1408359
1408622
1409025
1409075
1409281
1411010
1411418
1411619
1412324
1412876
1415392
1415771
1415935
1416865
1417103
1417218
1420374
1420469
1420702
1420969
1424761
1425397
1425595
1425822
1427632
1428503
1428816
1430358
1431888
1433379
1433767
1433826
1434372
1435257
1436582
1437886
1438548
1438848
1439699
1439813
1443544
1446114
1446826
1447156
1448843
1456287
1457644
1458363
1459217
1459313
1459510
1459758
1462268
1463415
1464233
1464448
1466160
1466546
1468651
1469579
1470376
1470710
1471316
1476264
1476288
1477082
1477411
1479117
1481464
1482564
1482895
1483925
1485953
1486708
1487517
1487595
1489232
1489899
1491711
1492051
1493674
1494700
1495729
1497399
1499011
1499441
1500627
1503272
1503505
1503524
1504288
1506895
1508263
1508478
1509535
1509677
1509870
1512413
1513389
1513774
1516879
1518162
1518493
1518529
1519364
1520554
1521102
1521779
1522120
1524162
1524617
1525040
1525155
1528231
1528309
1532374
1532414
1534000
1536157
1537942
1538739
1539651
1540297
1542594
1542937
1543125
1543471
1544194
1544215
1545264
1545397
1546573
1546624
1550390
1551018
1554968
1556086
1556309
1557969
1558787
1559481
1563199
1563485
1563932
1564312
1564394
1565895
1568275
1568978
1570600
1572070
1573126
1573274
1573592
1575920
1576149
1578064
1578643
1579054
1579135
1580673
1581730
1584235
1584829
1585241
1585253
1585393
1586545
1587404
1589968
1590455
1590741
1590764
1592160
1593974
1594806
1595845
1596675
1597388
1598482
1598884
1600178
1600224
1600459
1602687
1602947
1604201
1604291
1605005
1605036
1607920
1608086
1608648
1608670
1610222
1611696
1614480
1616116
1617460
1620699
1621409
1621517
1623013
1624611
1624995
1626587
1627517
1631479
1632581
1633585
1633606
1633659
1634439
1637560
1638335
1638625
1638945
1640936
1644755
1646602
1647679
1647793
1647910
1651748
1652826
1654846
1655634
1656344
1656466
1659382
1659486
1659645
1660051
1660328
1660512
1663276
1665824
1666353
1668119
1668889
1668928
1669134
1670262
1670820
1671438
1672706
1673444
1673727
1673924
1674434
1674557
1675588
1676231
1677700
1677850
1679035
1681751
1682071
1682720
1683030
1683284
1683347
1684133
1684857
1687317
1689416
1689477
1690158
1690569
1691668
1694057
1695095
1696912
1698473
1699244
1699585
1700822
1701054
1701099
1702450
1704824
1706058
1706142
1708817
1709157
1709544
1713235
1715079
1716707
1718376
1722928
1724489
1725656
1726406
1727120
1727723
1728198
1730714
1731877
1732072
1733037
1734806
1734810
1734961
1735005
1735922
1743360
1745482
1748706
1749110
1749876
1749887
1750093
1750757
1751114
1751716
1753729
1756169
1758790
1759890
1760915
1760940
1762539
1762689
1763610
1764318
1764938
1765801
1766519
1768104
1769906
1770094
1770315
1771407
1771592
1771998
1772280
1775680
1776181
1776413
1778110
1778189
1778762
1783511
1785909
1786244
1787347
1787350
1788074
1788658
1789233
1792004
1792605
1792968
1793014
1794768
1794865
1795216
1796377
1797517
1798109
1798204
1800595
1801383
1801516
1801591
1801851
1802358
1802639
1803994
1804196
1804418
1806154
1806479
1808285
1808710
1809151
1810648
1811204
1811208
1812065
1814985
1815982
1815998
1816111
1816165
1816363
1819135
1820793
1826791
1828667
1829452
1829595
1830854
1830892
1831191
1831226
1831261
1834421
1834868
1835210
1835445
1836550
1837618
1838746
1840868
1842742
1843646
1846092
1849512
1849957
1850040
1852211
1852588
1852711
1853440
1855395
1856107
1856983
1857493
1857939
1858595
1859411
1859610
1859660
1861365
1862877
1863181
1864026
1865453
1865522
1866743
1867236
1868440
1868592
1871677
1873005
1873026
1873263
1873889
1874084
1874494
1874719
1874801
1874897
1875283
1877423
1877514
1879370
1880530
1881410
1882572
1883902
1884005
1886101
1887731
1891426
1891824
1892735
1892799
1894100
1895079
1895118
1899126
1901588
1902060
1902310
1902587
1903911
1904354
1907287
1907499
1907915
1909249
1910200
1910519
1910539
1911217
1911464
1915843
1916038
1916343
1919519
1920262
1921677
1923162
1923285
1924889
1925016
1928081
1928475
1933401
1934403
1935719
1936003
1937404
1939099
1941218
1942499
1943349
1943985
1944513
1945164
1945341
1945996
1947015
1948286
1950146
1950927
1950962
1951899
1954127
1954304
1957421
1958812
1960668
1960831
1962951
1963800
1964384
1965864
1967937
1969538
1970195
1970751
1972891
1972924
1974101
1974650
1974766
1975756
1975842
1976535
1978702
1980783
1981927
1982026
1982804
1985134
1985384
1986175
1987347
1987841
1989050
1989745
1989960
1992185
1992584
1993040
1993405
1998571
2000715
2001805
2003305
2004326
2004434
2005090
2005861
2006461
2007478
2008180
2009566
2011253
2012616
2012725
2013430
2019710
2020402
2020823
2021167
2021928
2022078
2024227
2024786
2024907
2027365
2027517
2027587
2028201
2028631
2029225
2029316
2031734
2032628
2033534
2034554
2035989
2036235
2038398
2039710
2042039
2042829
2042856
2043224
2047284
2048439
2050118
2054445
2056595
2058951
2059499
2060586
2061762
2062891
2063509
2065896
2067015
2067378
2067778
2067856
2068507
2071422
2073243
2075264
2076996
2078088
2079289
2081622
2082671
2082847
2083481
2083851
2084948
2085413
2085460
2087375
2088278
2089389
2090804
2094086
2095361
2096027
2096512
2096882
2096910
2097668
2097903
2098737
2101514
2102021
2102146
2103432
2104552
2104707
2106066
2107645
2109823
2110184
2110319
2110476
2112136
2113724
2114106
2114736
2115300
2115704
2117192
2118360
2119313
2120154
2120379
2122340
2122747
2122811
2124208
2125015
2125602
2126538
2131616
2132191
2133563
2134240
2134466
2135197
2135601
2136564
2137821
2138174
2138670
2138825
2139700
2140337
2141043
2144528
2146162
2150028
2150783
2151584
2151627
2151971
2152305
2153572
2153743
2154714
2155598
2157768
2158108
2158325
2160214
2161534
2161705
2162912
2163185
2164274
2164568
2167097
2169300
2169774
2169891
2170291
2170508
2170762
2171513
2172077
2172958
2174741
2174934
2175055
2175481
2176520
2179334
2179937
2181750
2183598
2183637
2185269
2185898
2186615
2190871
2192061
2192135
2193042
2195538
2197961
2199696
2201563
2202546
2203566
2206270
2206345
2208535
2208584
2209682
2209797
2210536
2211229
2212488
2213237
2213268
2217204
2217475
2218136
2219213
2219490
2221019
2221625
2221764
2222867
2223013
2223799
2224590
2225877
2225984
2226136
2227235
2228319
2228962
2229999
2232615
2232710
2233919
2234151
2234591
2235471
2236338
2236419
2236716
2236890
2237345
2237412
2240420
2241784
2242403
2242938
2242967
2243396
2244311
2248467
2248614
2248616
2250163
2250197
2250829
2251350
2253379
2254193
2254541
2255434
2255962
2257078
2260020
2260390
2260510
2260592
2261347
2262487
2262669
2264215
2265568
2267766
2268694
2271373
2273143
2273627
2274948
2275309
2276103
2278137
2278510
2278812
2279185
2279420
2280531
2282136
2282359
2287858
2287994
2288373
2289251
2289376
2292334
2294500
2297375
2297841
2298647
2299089
2299280
2299914
2300795
2303192
2303548
2307111
2307207
2308036
2309256
2310696
2313237
2313274
2314044
2314530
2315335
2315564
2316247
2317265
2317357
2317967
2318069
2319820
2320456
2320741
2321040
2323982
2326740
2327171
2327959
2328226
2328307
2332210
2333074
2336152
2336626
2337325
2337941
2339347
2340194
2340801
2341100
2341605
2342472
2343514
2343846
2343923
2345639
2345860
2346002
2347134
2348096
2349636
2349910
2350735
2351503
2351759
2351930
2352399
2354384
2361195
2361700
2362695
2363665
2363780
2364110
2364204
2364541
2364585
2365737
2365869
2366053
2366107
2366635
2368209
2368948
2369017
2369378
2370105
2370264
2370489
2373542
2373728
2375865
2376052
2378336
2379257
2379716
2380235
2380849
2381010
2381092
2382754
2382758
2383004
2383469
2384071
2384277
2384657
2387967
2390933
2391104
2394251
2394938
2396829
2396904
2398157
2398407
2399866
2403005
2403800
2404089
2405953
2406139
2406185
2406191
2407619
2408807
2409655
2412207
2415335
2415410
2417496
2417863
2418860
2421736
2421866
2423056
2423313
2424985
2425801
2426333
2427266
2427627
2428079
2428321
2430161
2434335
2434955
2435956
2438485
2439155
2439321
2440664
2443481
2444322
2445616
2445853
2446820
2448313
2448506
2450933
2451342
2451849
2452526
2454045
2455039
2455116
2455256
2455489
2463621
2465283
2465334
2466107
2466352
2467324
2468166
2469645
2469686
2471379
2472092
2472902
2474505
2475375
2476434
2477863
2478560
2478960
2480233
2480467
2480757
2480822
2481439
2482044
2482094
2482110
2482188
2482284
2482846
2484402
2484905
2486896
2487639
2487963
2490727
2490790
2491191
2493234
2494926
2495158
2495989
2497713
2499637
2500317
2501923
2502878
2502942
2503264
2505723
2505915
2506537
2507546
2508386
2508784
2510347
2510842
2512870
2513766
2515862
2516523
2517166
2519187
2519230
2519537
2521783
2522284
2522990
2523365
2525135
2530109
2530353
2530657
2530947
2531267
2532672
2533761
2536736
2537004
2537563
2538084
2538134
2538706
2540243
2542302
2542395
2544352
2545688
2547291
2548218
2548825
2548896
2548948
2549571
2550488
2550572
2550763
2551783
2552074
2553167
2553174
2554397
2554730
2555443
2555913
2556179
2556519
2557494
2560503
2561272
2562998
2563523
2564038
2565158
2566262
2566672
2566902
2567321
2567470
2568325
2569070
2569345
2570850
2572175
2572238
2573297
2575310
2575828
2576542
2577099
2577458
2578396
2582194
2585190
2586324
2587084
2588645
2589669
2590870
2591710
2593345
2594946
2600605
2604652
2605211
2605443
2609528
2611361
2611369
2612382
2613577
2613786
2614355
2614383
2614561
2615341
2616091
2617107
2617906
2618997
2621446
2622230
2625354
2625567
2626013
2627013
2628716
2632380
2632834
2633067
2633289
2633861
2633882
2634308
2634418
2634962
2635383
2635767
2636671
2638209
2640017
2642504
2643414
2643559
2643858
2643903
2643944
2645397
2646037
2646106
2646149
2646525
2648962
2649302
2651852
2652462
2652858
2653754
2654051
2654061
2654704
2654838
2655496
2656303
2656344
2656674
2657176
2657208
2658021
2658105
2658427
2660305
2663256
2663652
2664148
2666332
2666638
2669093
2669490
2671036
2671216
2673100
2673780
2673879
2674279
2675216
2677853
2680137
2681846
2686578
2687595
2687655
2687768
2689568
2689777
2690320
2691294
2694155
2694228
2698608
2699655
2700929
2702218
2702375
2704762
2705729
2706937
2710980
2712828
2713430
2713605
2713708
2713871
2714563
2715227
2717048
2720682
2721052
2721580
2722014
2722230
2722263
2723111
2726115
2726497
2727274
2727743
2728830
2728949
2730616
2733237
2733322
2733932
2734357
2737228
2741257
2741489
2741720
2741751
2743445
2743500
2744326
2745310
2746833
2747522
2747973
2749500
2751180
2752408
2752507
2752538
2753914
2754831
2755445
2756658
2758171
2759380
2759464
2760457
2760558
2761157
2762352
2763322
2763506
2766299
2766695
2766937
2767944
2769570
2773426
2774539
2778164
2778218
2778813
2780271
2780938
2781209
2781777
2782356
2782941
2785126
2785247
2786517
2788259
2788446
2789018
2792222
2794809
2795527
2796383
2796686
2796815
2797715
2798049
2799031
2801170
2801292
2801950
2802229
2802668
2803874
2804037
2805092
2805601
2805925
2807369
2808505
2808692
2808950
2810130
2810372
2812142
2813000
2814239
2814586
2815895
2818222
2819512
2822556
2823884
2824061
2825319
2826789
2827096
2827683
2828926
2829219
2830911
2832308
2832799
2832922
2834054
2834849
2836234
2836883
2839407
2840505
2843237
2843754
2843860
2846456
2846548
2847105
2847999
2849478
2853549
2855454
2856022
2856254
2857048
2857559
2859279
2859662
2860664
2860838
2864054
2864143
2864394
2864849
2866381
2871005
2871320
2872507
2872722
2874159
2877025
2878764
2878785
2879371
2880353
2882129
2882816
2883080
2884378
2884684
2885744
2889970
2890208
2890474
2891414
2892655
2892974
2894184
2894257
2895229
2898633
2899614
2901411
2901955
2903601
2904136
2906073
2906258
2906285
2908116
2908466
2909808
2910034
2911689
2911921
2914168
2914515
2914686
2915640
2916310
2916907
2916969
2917267
2919115
2919479
2919917
2920201
2920370
2921344
2922515
2922538
2923420
2924191
2925159
2925586
2926097
2926646
2926795
2932777
2934296
2936287
2936989
2937303
2937383
2937719
2938296
2939350
2941391
2941723
2941983
2943334
2943706
2944945
2946774
2947132
2947417
2948034
2948987
2950663
2952772
2953034
2953596
2954396
2954667
2955628
2956888
2957674
2960109
2960306
2961634
2963002
2963839
2964674
2965017
2966162
2966885
2967072
2967983
2968951
2971768
2971921
2972099
2975110
2975652
2975864
2976635
2976664
2978478
2978831
2979148
2979758
2982237
2982535
2983210
2983368
2983999
2984103
2985435
2986151
2986634
2986993
2988617
2988699
2988822
2990994
2991141
2991753
2993275
2993532
2993641
2995632
2996356
2997277
2997495
2997928
2998060
2998133
2998954
3001252
3001791
3002332
3002402
3003371
3003459
3003980
3005308
3006050
3009049
3009879
3010180
3010977
3012738
3013523
3013894
3015283
3015534
3015615
3017012
3017041
3017882
3018220
3021715
3023741
3024173
3025811
3030028
3030804
3031076
3033968
3035360
3035594
3037131
3037537
3040384
3041231
3042006
3042402
3043477
3044213
3044879
3045053
3045341
3046765
3049876
3049964
3052063
3052565
3052973
3054371
3057290
3058638
3061716
3061866
3062603
3063016
3063439
3065432
3067551
3069682
3070358
3070414
3071416
3072458
3072647
3072698
3073284
3073452
3074871
3075692
3078959
3080009
3080277
3080556
3082603
3082823
3086136
3086266
3088303
3091970
3092105
3092646
3093012
3094023
3094400
3095179
3095794
3096740
3097287
3098172
3098678
3098796
3100590
3100603
3104759
3104820
3105056
3106649
3106934
3108517
3108835
3109978
3110149
3116737
3116838
3118411
3119255
3119793
3119961
3120495
3122138
3122230
3124112
3125648
3126554
3128199
3129399
3130089
3130772
3130791
3130982
3132373
3132691
3133285
3134028
3134086
3134270
3134892
3135828
3136194
3136427
3137818
3138337
3139318
3142009
3143640
3144768
3144845
3144976
3145078
3146349
3148224
3148802
3149898
3149984
3151516
3153124
3153352
3153427
3153471
3153571
3154271
3154404
3154493
3154820
3155652
3155990
3158028
3158675
3160651
3160672
3161769
3161939
3162560
3162608
3162656
3164203
3164606
3167301
3169029
3169707
3170771
3171178
3173073
3174044
3175019
3175196
3175561
3176370
3176587
3179197
3179233
3179688
3180327
3180634
3181156
3183319
3183406
3184314
3184773
3185452
3186341
3187443
3188316
3188887
3189810
3191867
3192135
3193058
3193661
3195325
3197821
3199623
3199831
3200095
3201886
3202303
3202770
3204660
3205418
3206433
3207978
3208517
3208580
3210187
3210648
3211908
3213046
3216044
3216255
3216808
3217331
3219828
3219840
3219903
3222855
3223504
3223660
3226087
3228804
3228809
3231767
3232065
3232920
3232972
3234569
3235311
3237487
3240426
3243430
3243657
3244987
3245209
3248143
3248392
3248632
3249626
3251211
3252073
3252086
3252449
3252679
3253878
3254369
3254394
3254412
3258359
3259420
3262451
3262817
3262889
3263010
3263290
3265811
3266522
3267782
3268109
3268381
3269755
3271001
3271082
3271485
3271599
3273219
3273760
3274724
3277262
3278003
3278852
3279285
3283353
3285487
3285584
3285859
3286761
3288257
3295148
3295970
3296844
3297213
3297313
3297969
3298509
3299203
3299361
3301792
3302622
3302884
3303365
3304724
3304736
3304772
3304997
3307527
3308153
3309087
3309569
3310371
3310541
3311530
3312706
3315314
3315607
3316705
3318559
3319276
3319509
3323803
3325946
3327024
3327714
3329252
3330067
3330551
3331373
3331691
3331895
3332306
3334287
3334832
3335077
3335720
3335859
3337474
3338136
3339150
3339695
3339713
3341369
3341933
3342072
3342116
3342544
3342938
3343094
3344464
3345680
3345991
3348530
3349467
3349546
3350107
3350131
3350383
3350830
3350911
3351420
3352858
3354329
3354375
3354999
3355862
3356097
3356959
3357552
3358193
3358479
3359517
3359757
3360629
3360852
3362980
3363326
3364957
3365560
3365981
3367285
3369607
3370832
3371710
3373156
3373562
3374939
3375200
3384401
3385864
3386510
3386888
3387540
3387595
3388182
3390293
3390855
3390979
3391455
3391732
3392565
3394008
3395003
3395467
3399371
3399722
3401463
3402625
3403294
3405649
3406596
3406668
3406807
3411161
3415369
3415375
3416493
3416921
3417135
3417562
3417624
3418092
3419179
3420688
3423282
3426507
3428710
3428946
3430246
3430671
3430745
3431436
3431537
3432270
3433303
3433760
3434088
3434336
3434756
3436818
3436840
3436930
3437109
3437799
3437854
3441834
3442242
3444281
3444884
3445706
3447551
3448572
3449558
3449732
3449840
3452312
3452362
3452679
3452924
3453481
3454564
3458039
3459408
3460035
3461524
3462457
3463322
3463723
3464931
3466213
3466499
3466595
3467182
3467222
3467455
3468592
3468839
3469683
3470011
3470649
3474323
3474719
3475835
3476908
3477922
3479625
3481647
3482443
3485597
3486578
3487628
3487729
3487824
3490697
3492331
3492890
3494772
3494934
3497260
3497688
3497817
3497991
3498560
3500453
3500583
3500929
3501511
3501980
3501988
3503105
3503907
3504350
3504759
3505213
3505830
3506753
3508818
3508964
3509034
3509106
3509483
3510428
3511633
3512946
3516667
3522490
3523766
3524781
3524847
3526517
3526706
3527081
3527323
3527515
3527932
3534302
3534434
3534570
3534983
3535681
3536337
3536391
3537765
3538087
3538730
3541435
3541883
3543756
3544303
3545864
3546373
3549764
3549935
3550047
3552827
3553110
3553878
3554510
3555948
3556276
3557449
3560398
3561315
3562650
3563235
3563238
3563812
3563912
3564793
3565235
3566326
3567129
3567350
3567684
3569100
3570229
3572199
3572441
3572622
3572722
3572949
3573828
3573862
3574809
3575059
3576913
3576981
3578273
3578344
3579119
3582633
3585338
3585522
3586550
3587426
3593190
3594254
3595408
3595535
3595910
3596048
3596589
3596866
3597867
3598688
3599559
3601606
3601647
3602817
3603048
3604766
3605433
3605835
3607409
3609580
3613240
3613745
3614770
3614886
3615296
3615419
3615896
3616236
3616466
3617236
3617729
3618308
3618409
3618478
3619977
3621914
3624405
3626007
3626020
3626190
3627843
3628543
3631382
3635118
3636595
3636618
3636735
3637605
3638548
3638901
3641976
3642134
3642147
3642381
3643077
3646182
3646623
3647714
3648612
3648773
3649516
3650248
3652244
3653002
3654236
3654558
3654733
3657208
3657786
3659160
3659636
3659940
3661764
3662064
3665771
3669682
3670483
3670484
3671090
3676518
3676868
3677396
3679610
3680310
3683547
3683701
3683984
3684377
3686584
3689789
3690079
3691571
3693135
3693530
3694439
3694540
3698843
3700066
3700518
3701167
3702439
3702571
3702681
3702829
3703589
3703670
3704733
3704778
3705263
3706926
3708006
3708353
3708807
3710550
3711022
3711818
3712190
3713289
3714352
3714585
3715033
3716329
3719459
3721687
3721718
3721735
3722064
3722318
3722414
3723693
3725910
3727541
3727610
3728641
3730553
3731286
3731726
3732272
3732471
3735533
3740761
3743924
3746145
3746602
3746688
3750345
3750599
3754214
3755002
3755387
3755537
3756141
3756275
3756986
3759285
3759664
3759680
3761331
3763562
3763685
3763968
3764098
3764343
3765387
3766114
3766967
3767428
3767555
3768296
3771469
3771492
3772066
3773152
3773176
3773795
3774023
3774362
3774605
3774608
3774742
3776000
3777710
3777887
3778154
3779230
3780643
3781257
3781931
3782136
3782192
3782712
3784247
3784434
3790005
3791154
3792174
3793040
3794610
3797243
3798276
3799150
3801245
3802760
3803172
3803230
3803240
3806127
3807956
3808685
3811304
3811999
3815981
3816188
3816926
3817284
3817462
3818146
3818278
3818644
3819586
3821191
3822335
3822363
3822694
3822747
3824583
3824606
3827028
3827304
3828507
3830204
3830872
3830893
3831588
3834402
3835396
3835488
3836533
3836671
3838039
3840124
3844486
3845068
3847712
3848596
3848867
3848983
3849080
3849452
3850208
3850969
3853616
3855056
3857484
3857708
3863361
3863624
3863744
3864907
3867237
3869010
3872950
3874605
3875071
3875777
3875974
3877110
3878030
3878040
3878484
3878974
3879166
3879909
3882918
3884167
3887651
3887936
3889501
3889730
3890073
3890261
3892711
3895153
3895824
3896224
3896337
3896557
3896774
3898059
3903810
3903957
3904297
3904686
3905066
3907413
3907823
3907944
3908353
3910763
3911179
3911573
3913743
3914130
3914482
3914711
3915062
3915218
3915846
3916734
3917836
3918007
3919989
3922812
3922830
3924216
3924861
3925749
3925827
3926581
3927644
3929198
3929694
3933480
3933710
3934812
3934862
3936597
3936996
3937262
3938342
3939636
3942447
3942573
3943167
3946373
3946390
3946524
3947292
3949717
3951786
3953176
3954299
3954343
3954753
3954901
3955717
3957306
3959168
3961049
3962325
3962894
3962900
3963462
3963528
3964130
3966863
3966877
3969634
3969668
3969736
3970236
3973969
3974715
3976396
3977000
3977050
3977172
3979757
3980315
3981719
3982894
3984513
3985779
3986389
3986852
3987507
3987907
3988071
3989192
3989302
3989883
3990107
3991231
3991259
3991282
3992988
3993861
3995041
3995145
3997616
3998010
4001903
4002452
4007186
4010505
4014998
4015128
4016477
4016876
4017908
4018635
4018776
4019686
4019953
4020019
4020445
4020971
4021038
4021149
4021669
4022073
4022198
4023427
4023789
4024112
4024762
4025958
4026744
4027690
4029325
4029594
4030833
4032325
4032490
4032669
4033228
4034789
4036677
4037715
4038639
4039095
4040064
4040272
4041244
4042994
4044332
4044560
4048014
4048253
4048719
4048941
4049412
4053007
4054289
4054911
4056264
4058953
4059539
4062049
4062725
4064211
4064578
4065562
4066447
4066623
4068741
4069036
4069098
4069665
4071631
4072414
4072493
4072980
4073490
4075276
4076327
4076635
4077024
4077614
4077661
4079402
4080001
4080692
4082369
4083111
4084952
4085514
4088086
4088109
4088767
4089255
4089574
4091711
4092891
4095896
4096247
4096506
4097587
4098994
4100879
4102996
4103051
4103324
4103944
4105030
4105196
4105450
4106452
4108166
4108511
4111346
4112573
4112813
4113259
4114869
4114963
4117161
4118159
4118406
4119986
4120221
4120244
4123428
4123798
4124706
4125732
4125813
4125986
4126339
4127425
4128908
4129346
4130569
4131379
4131572
4132669
4134465
4135206
4135325
4135390
4135428
4135587
4135838
4136757
4138496
4141490
4142084
4144220
4144777
4145454
4145615
4145781
4149964
4150185
4151208
4151273
4153383
4155499
4155896
4156775
4158271
4160647
4160836
4161460
4163423
4164719
4165147
4165878
4166127
4166961
4167757
4168597
4170557
4171476
4172097
4173241
4173467
4174637
4175315
4175692
4177424
4177675
4178487
4178761
4179554
4181308
4181959
4182426
4183074
4185695
4186529
4186621
4187273
4187698
4188912
4189997
4190033
4191121
4192323
4192386
4194305
4195328
4197771
4198148
4199626
4199843
4200299
4201172
4201821
4204731
4205346
4205826
4206616
4206939
4208238
4208901
4210389
4212619
4213982
4214698
4216042
4216361
4216666
4218284
4218451
4218831
4220971
4223967
4225825
4228038
4228487
4228609
4228652
4229390
4230667
4231353
4231640
4231840
4233081
4239556
4239707
4240281
4242021
4242284
4244006
4245043
4245080
4246915
4247069
4250260
4251018
4251299
4251708
4252083
4253394
4253849
4253979
4256779
4259276
4260144
4261760
4262961
4263287
4264458
4264562
4264758
4265227
4265514
4265829
4266368
4266462
4267288
4268611
4269691
4270135
4270279
4271949
4272620
4274792
4277010
4277121
4277737
4278873
4279580
4281084
4282175
4285397
4286722
4287128
4287822
4287932
4288273
4290615
4292858
4294039
4294901
4295035
4295807
4297123
4299776
4300802
4301903
4303671
4304235
4305080
4306580
4308862
4312402
4312594
4313695
4314023
4314030
4314856
4315287
4316974
4318911
4318948
4319180
4320673
4320679
4323035
4324832
4326966
4327017
4327330
4327598
4328600
4328783
4329069
4329190
4331358
4331789
4331970
4332049
4333283
4334950
4336145
4337292
4338143
4338366
4338718
4341595
4342264
4342498
4342700
4344148
4345853
4346738
4347357
4349243
4349913
4350194
4350958
4351660
4352796
4353055
4353226
4353410
4353761
4354419
4355465
4355819
4356140
4356673
4356936
4357912
4358477
4358751
4360375
4362468
4362598
4363441
4364103
4364367
4367163
4367703
4369509
4371061
4374364
4374893
4375757
4376329
4378041
4378395
4379042
4380133
4380189
4381527
4383240
4384531
4384572
4384576
4384657
4385824
4386730
4388497
4390139
4391910
4393828
4394999
4397303
4398230
4398755
4400158
4403691
4405026
4405248
4405628
4406194
4406383
4406579
4407008
4407474
4408094
4409540
4409988
4411218
4411333
4412164
4412570
4412769
4417298
4418100
4420252
4423699
4426534
4431830
4432887
4434061
4434289
4438385
4438801
4439896
4441208
4441594
4442268
4443444
4446530
4446588
4447048
4447630
4448028
4448466
4449094
4449264
4450262
4451692
4451768
4453780
4453856
4457327
4457760
4459268
4460428
4460484
4461259
4463610
4463763
4464673
4465440
4465781
4466122
4466378
4467286
4467731
4470969
4473905
4475204
4477220
4477256
4480185
4483181
4484907
4485263
4485693
4486274
4487172
4487224
4488351
4489102
4490317
4490847
4493046
4493870
4497721
4500098
4501428
4501556
4502465
4502543
4503335
4503965
4504390
4505354
4505747
4505831
4506349
4506637
4506750
4508423
4509160
4510703
4512328
4513992
4515354
4518828
4520455
4521389
4521600
4522904
4523590
4526898
4526907
4527207
4532192
4535247
4535424
4537509
4538662
4540699
4540811
4542732
4543372
4544194
4546354
4547013
4547272
4547442
4547664
4548271
4548834
4549109
4550127
4551812
4552450
4553491
4553729
4554439
4554684
4554685
4556481
4556870
4557793
4558325
4558420
4559322
4559576
4559675
4560441
4562864
4563512
4564443
4564858
4565803
4566947
4567805
4568344
4570103
4574592
4574901
4576012
4577073
4577509
4578971
4581300
4581448
4583122
4584316
4584345
4586029
4587663
4588283
4588633
4589247
4591951
4592128
4594514
4595262
4595404
4596294
4598369
4598763
4599916
4602675
4604984
4604994
4605437
4605664
4608027
4608916
4609656
4609743
4609816
4612439
4612952
4614422
4616365
4617887
4621300
4622761
4625622
4625803
4627049
4627618
4627911
4629392
4629992
4630415
4630865
4632120
4634189
4634592
4635279
4636345
4639579
4641985
4643941
4645909
4646108
4646535
4647035
4647575
4648694
4650909
4651328
4656144
4656248
4656356
4658765
4659109
4660389
4662638
4663575
4664360
4665312
4665424
4667648
4668124
4669070
4669354
4669646
4672863
4673830
4674717
4675522
4676756
4676959
4677875
4677998
4679611
4680386
4681224
4682068
4682587
4682788
4683047
4684483
4684789
4687631
4687645
4689762
4689852
4690342
4690675
4691366
4691547
4692871
4693866
4695590
4695668
4695687
4695749
4697116
4697133
4697160
4698069
4698355
4698371
4698725
4699716
4699850
4700098
4704593
4704669
4704978
4705589
4706059
4707944
4708013
4710049
4710305
4711538
4712072
4712552
4712884
4713199
4715597
4719361
4719910
4719964
4721250
4721844
4724195
4724562
4725510
4726202
4726986
4729188
4729235
4729457
4730165
4731169
4732038
4732335
4735344
4735912
4736194
4736881
4737450
4740176
4741272
4741717
4744420
4744806
4748176
4755226
4755765
4757843
4761906
4764209
4765222
4765992
4768384
4768400
4768992
4770738
4771410
4771829
4771875
4771920
4772222
4773905
4774107
4776638
4778078
4778087
4778209
4778341
4780892
4781007
4781702
4782954
4784491
4784765
4784998
4785169
4785342
4787636
4788730
4790227
4791730
4792251
4796340
4796548
4796624
4797670
4800540
4800589
4800840
4801034
4801829
4803441
4803970
4803983
4804529
4806974
4806982
4808653
4808914
4809723
4810580
4812444
4812804
4813100
4813327
4815334
4816605
4818215
4819214
4819339
4820857
4824330
4827848
4828451
4828566
4829515
4830278
4831970
4833315
4835509
4836479
4836720
4836805
4837045
4838821
4839288
4839830
4839841
4840005
4841457
4841956
4842406
4842461
4842852
4844594
4844814
4845022
4845137
4846312
4847074
4849637
4851014
4852775
4855077
4855543
4857313
4858235
4858678
4859242
4859351
4859355
4859711
4861004
4862074
4863039
4863851
4865225
4865262
4865346
4865368
4867126
4867480
4869484
4870054
4871361
4871990
4873732
4874296
4875647
4875782
4876734
4878216
4879287
4879590
4879608
4879938
4884792
4885850
4886187
4890956
4891022
4892423
4893829
4893867
4896749
4896761
4896972
4898111
4898420
4899650
4901495
4902187
4903193
4903656
4905052
4905910
4906932
4908623
4909410
4910962
4911263
4911281
4912195
4913173
4913788
4917605
4918941
4919150
4920497
4922067
4923209
4924251
4926942
4928185
4929116
4929531
4929782
4929802
4931285
4931910
4932296
4933700
4934557
4939520
4940145
4940652
4941038
4941289
4941448
4942391
4942500
4942925
4944333
4944732
4944901
4946136
4947560
4948887
4949237
4951290
4952665
4954304
4954370
4956090
4958761
4960160
4960457
4962039
4962052
4963159
4964015
4964217
4965800
4965978
4966332
4966978
4967136
4967190
4969611
4971194
4973236
4978142
4979579
4979615
4981084
4981192
4981702
4982448
4983895
4984844
4985215
4985534
4985780
4986880
4989776
4992556
4992783
4992834
4993308
4994325
4994362
4994404
4995778
4996301
4997234
4997462
4997900
4998418
4998947
4999569
4999588
5000357
5001763
5002966
5003347
5003685
5004031
5005153
5006117
5006336
5006434
5006570
5009020
5009370
5011054
5011115
5011202
5011371
5011407
5012892
5013816
5013987
5015258
5016361
5019614
5021007
5021671
5021686
5023350
5024886
5029692
5032102
5032213
5033963
5034492
5034915
5035827
5036221
5038580
5038728
5043028
5043635
5047701
5047858
5049582
5050224
5051871
5052371
5052846
5053241
5054474
5054702
5058710
5060468
5060969
5061242
5061516
5062058
5062759
5064604
5065208
5067820
5069357
5069554
5071390
5071765
5071769
5072219
5072347
5074313
5075586
5078448
5080648
5081395
5081475
5081631
5082716
5084637
5085183
5086387
5086825
5086852
5087397
5088956
5089063
5090412
5091467
5092408
5092992
5093536
5095703
5096901
5097170
5097790
5097808
5099341
5099849
5100440
5101084
5101451
5104508
5105571
5106838
5106949
5107024
5107313
5109071
5109863
5111535
5112672
5113448
5113797
5114582
5115503
5115713
5120062
5120151
5120295
5120453
5121554
5122126
5122561
5122573
5123220
5123863
5123879
5127370
5129214
5129739
5130083
5130384
5130772
5136037
5136196
5136265
5137882
5138719
5139261
5140133
5141699
5142055
5142126
5142865
5143939
5144069
5145368
5146159
5148325
5149949
5150866
5151473
5151748
5152119
5152933
5156460
5159335
5160249
5162089
5163237
5163298
5165644
5166483
5167752
5168967
5169205
5169486
5174615
5175861
5176533
5178004
5178671
5178782
5181634
5183083
5183387
5184837
5186205
5189003
5189738
5189875
5190517
5192343
5193717
5194029
5194499
5195968
5196304
5197152
5197776
5198783
5199307
5199611
5200546
5201868
5201937
5202558
5203266
5204462
5204771
5205949
5206393
5207445
5207985
5208086
5211534
5212635
5214306
5218066
5219208
5221684
5224416
5224986
5225385
5226196
5226806
5226875
5227937
5228018
5229728
5230570
5231639
5232578
5236826
5237268
5237831
5239518
5239593
5242246
5242258
5244341
5245182
5245979
5247796
5248851
5249310
5250374
5251553
5251837
5253683
5254393
5254715
5257129
5257386
5257895
5259084
5260657
5260822
5262199
5264739
5266012
5266186
5266286
5267540
5267902
5267998
5270074
5272846
5273706
5274330
5275350
5275722
5275806
5276305
5277746
5277792
5280106
5283977
5284824
5287387
5287942
5289945
5290154
5291223
5293555
5293673
5295852
5301809
5301923
5303123
5303723
5304546
5307477
5311497
5311842
5312360
5312646
5314315
5315103
5315158
5316054
5316521
5316758
5318355
5318721
5318859
5320287
5321498
5322150
5324314
5325275
5327902
5327910
5328259
5328915
5329630
5330389
5330660
5331553
5331665
5331687
5333741
5334122
5335165
5335579
5336034
5336208
5337055
5338428
5338510
5340049
5341160
5342090
5344053
5344334
5344924
5345179
5345410
5345943
5347467
5349154
5351947
5352007
5353798
5354243
5355520
5356131
5356382
5357715
5358221
5358391
5358574
5360399
5360705
5361449
5361714
5363769
5364180
5364974
5365426
5365622
5365776
5366481
5367134
5367463
5367564
5368321
5368379
5369080
5370759
5372198
5373971
5375150
5375230
5378597
5379096
5379514
5380700
5380875
5380970
5382417
5384167
5384873
5387137
5388214
5390291
5391786
5392401
5392799
5394701
5394901
5395587
5397610
5397848
5398031
5399898
5401303
5403268
5403380
5403946
5404385
5405355
5405796
5406856
5407953
5408387
5409655
5412775
5414639
5414741
5415407
5417105
5419328
5419833
5419906
5420308
5421215
5422058
5422167
5428787
5428866
5434000
5434030
5434641
5435544
5436052
5436851
5438713
5438991
5440102
5441176
5441424
5444277
5447138
5448310
5449930
5451280
5451766
5451955
5453938
5455200
5458281
5458583
5461302
5462696
5463491
5463777
5464361
5464814
5467506
5469287
5469529
5469546
5470178
5470834
5474434
5475180
5476040
5477548
5478789
5481172
5481819
5482848
5484775
5486981
5488057
5491927
5493603
5493838
5495986
5496036
5500858
5500900
5502790
5505903
5506447
5508261
5508420
5510598
5511278
5511348
5511662
5513867
5514812
5515553
5517545
5517931
5518269
5520057
5520989
5521006
5521153
5521188
5521236
5521900
5522655
5525273
5525728
5528273
5528623
5528746
5529100
5530238
5531772
5531928
5532034
5532341
5532796
5534495
5535637
5535966
5536678
5536976
5537792
5539345
5540189
5540318
5540361
5543614
5545496
5545567
5546365
5550267
5552000
5553152
5553164
5553618
5554101
5558730
5560247
5560699
5561485
5562162
5563335
5564538
5564936
5565473
5565542
5565645
5566899
5567159
5570985
5572558
5573914
5574667
5575759
5575954
5576567
5577293
5578018
5578872
5579095
5582210
5584115
5584360
5584420
5584526
5585307
5585458
5586006
5586845
5587036
5587493
5588420
5591157
5591365
5592664
5594240
5599062
5600822
5600937
5602055
5602259
5603183
5606853
5609917
5610900
5611266
5612879
5613127
5613206
5614450
5614753
5615339
5615960
5616404
5619134
5619372
5620570
5623122
5623455
5624535
5624718
5625568
5626018
5627086
5628961
5629635
5630670
5631055
5631868
5632110
5633020
5633957
5634385
5634670
5634719
5635613
5635986
5636511
5638003
5638879
5639084
5639303
5639446
5641367
5642808
5644781
5646076
5648086
5648348
5648523
5648908
5648976
5649824
5650541
5651935
5652271
5652928
5653219
5653360
5653439
5653757
5654235
5654895
5656702
5658935
5660642
5660994
5662743
5662765
5663030
5663987
5666519
5666611
5666676
5667208
5669535
5670129
5671211
5673629
5673900
5674406
5674782
5676122
5676951
5678369
5678746
5679078
5680297
5680305
5680555
5682098
5682228
5684232
5687119
5689325
5690731
5691657
5692385
5692869
5694689
5694755
5695982
5697970
5698586
5699024
5699938
5703449
5704407
5704766
5704813
5706647
5708978
5710385
5710528
5710901
5711130
5711148
5713390
5713803
5714800
5715577
5718068
5719567
5720192
5720399
5720896
5720913
5724753
5727871
5728698
5729728
5730575
5732247
5734052
5735125
5736530
5738160
5738334
5739897
5744666
5744964
5745700
5746779
5746818
5747315
5748474
5749289
5749294
5750600
5753067
5754209
5755504
5756009
5756327
5758517
5759549
5761208
5761925
5763367
5763456
5764426
5766571
5768218
5772683
5773015
5773427
5776239
5776579
5776797
5776950
5777817
5777909
5778019
5778139
5779094
5779182
5780076
5781206
5781779
5782017
5782308
5783417
5783432
5786338
5788285
5788546
5788908
5791159
5791945
5792181
5793212
5793313
5795447
5796948
5800503
5801811
5804104
5806115
5806281
5807393
5808472
5808586
5813906
5815466
5815960
5816107
5816769
5818462
5818607
5820139
5821204
5821326
5821837
5825736
5826633
5826862
5826959
5827907
5829564
5830187
5833929
5834329
5837244
5838325
5841331
5842459
5843093
5843141
5844660
5845514
5846060
5846491
5846496
5846730
5846894
5847626
5848716
5849140
5849974
5851073
5854013
5854579
5855548
5855629
5855971
5857246
5858830
5859902
5860100
5860955
5861446
5861927
5862170
5862768
5862779
5864682
5864785
5868541
5871817
5872385
5873498
5873956
5874503
5876054
5876354
5876459
5878221
5878763
5879079
5879956
5880732
5881121
5883351
5884703
5886394
5888770
5888954
5889528
5890281
5890337
5890620
5891540
5892598
5894564
5895300
5895857
5897202
5899580
5902058
5904996
5905486
5906988
5907381
5911724
5913090
5915387
5921722
5922147
5923383
5926069
5927501
5929120
5929132
5929380
5932928
5934746
5935407
5935656
5936731
5937035
5937366
5937384
5937532
5938035
5941487
5948191
5948217
5948898
5949512
5950268
5950409
5952933
5952977
5956450
5956726
5958166
5962489
5963386
5963445
5963939
5964411
5965400
5965590
5966708
5967772
5970014
5971138
5971791
5972231
5972309
5972954
5973349
5974029
5974380
5974494
5975300
5975541
5975896
5976433
5979520
5979878
5980914
5981870
5982242
5982862
5983182
5983511
5984041
5985321
5986144
5987051
5987481
5989173
5990969
5992509
5993638
5994061
5994196
5997372
5997429
5997742
5998094
5998571
5998967
6000082
6001171
6001402
6001816
6002078
6002528
6007770
6008550
6008841
6010776
6012765
6012801
6013166
6013368
6013534
6014887
6015915
6016732
6017179
6019517
6020085
6022281
6022637
6024831
6025491
6025879
6026444
6027882
6028888
6029555
6030989
6032434
6032676
6033161
6034094
6034726
6035686
6036258
6036998
6039702
6040510
6042697
6042728
6043018
6043645
6044519
6044880
6045112
6045903
6046964
6047043
6047654
6047834
6047981
6048979
6050898
6051367
6051470
6051606
6052504
6054098
6055168
6056211
6056730
6056770
6056957
6057934
6057936
6058155
6059691
6060250
6062475
6062585
6062873
6063403
6063730
6064317
6066023
6066043
6067225
6067548
6068595
6070691
6071010
6072851
6072903
6073216
6073959
6074040
6074076
6074404
6077477
6079243
6080457
6082100
6083681
6084752
6084771
6085023
6085349
6085386
6085945
6089244
6090343
6090739
6091980
6092277
6092523
6093209
6093503
6093743
6094402
6094708
6096431
6096683
6096858
6100731
6101630
6102630
6102845
6103320
6103506
6104117
6105644
6105679
6107080
6108729
6109214
6110252
6110344
6111794
6112984
6114832
6115884
6117416
6118428
6121287
6122447
6123790
6125179
6126505
6129062
6129982
6130478
6130561
6130712
6132314
6133898
6134142
6134172
6135331
6136658
6140031
6140947
6141902
6145562
6146025
6146090
6146191
6148039
6148214
6149361
6150194
6151735
6151988
6152098
6153364
6155469
6155606
6155636
6156892
6158897
6159416
6159887
6161137
6162694
6162937
6163169
6163766
6164242
6164256
6164742
6165927
6166745
6170360
6170816
6171141
6172139
6172454
6173734
6175812
6176160
6177415
6177532
6179511
6179851
6181470
6182575
6185389
6186083
6186288
6186479
6187604
6187642
6187894
6188106
6189648
6191362
6194493
6196089
6196743
6199297
6200062
6200815
6203111
6203920
6203958
6204891
6206009
6206815
6207884
6207958
6209323
6209479
6211624
6211717
6212660
6214140
6214800
6216360
6216441
6218286
6219729
6223047
6223292
6223393
6223918
6224389
6229035
6229780
6231981
6233167
6233937
6235472
6235745
6235939
6236210
6236609
6236654
6237767
6237813
6238631
6240285
6241795
6242195
6243678
6244799
6246101
6246122
6246315
6246979
6247892
6249378
6251419
6251582
6251717
6252045
6252255
6253476
6253674
6253908
6255203
6255432
6259611
6260660
6261942
6263268
6263962
6264348
6266615
6268025
6269071
6269270
6270089
6270160
6270276
6270777
6271302
6271398
6272710
6272932
6273971
6275672
6279892
6280530
6280583
6280759
6283106
6284795
6284957
6286941
6287506
6289740
6291111
6293005
6295053
6295916
6296494
6299905
6300973
6300992
6301973
6301987
6302438
6302755
6304110
6304650
6304930
6305375
6305383
6306828
6307003
6310210
6312949
6316163
6316962
6317254
6318519
6320708
6322310
6325087
6325291
6326822
6326984
6327213
6328935
6329616
6330186
6330697
6330954
6332268
6333007
6333058
6334945
6335711
6336870
6339069
6339538
6340875
6342341
6342848
6347339
6347686
6348009
6348794
6349236
6351438
6351713
6352874
6353040
6355444
6356105
6358428
6362879
6364715
6365860
6366345
6368917
6370514
6373174
6374210
6377170
6377359
6377439
6378913
6381110
6381616
6381651
6381670
6381970
6382122
6382177
6382594
6383788
6383917
6384243
6384844
6386634
6389307
6392721
6392756
6393824
6397096
6398071
6399917
6401541
6402090
6402141
6402449
6402477
6402618
6403758
6404429
6405111
6406914
6408714
6408756
6410368
6410696
6411757
6412404
6415579
6417198
6417307
6417840
6417972
6420405
6422148
6422676
6422820
6424740
6425635
6428753
6429961
6432465
6432580
6435041
6439083
6440729
6441285
6441508
6444444
6444901
6444986
6445878
6446572
6446605
6447278
6448602
6448803
6452157
6454254
6454278
6454430
6454550
6456159
6457253
6457467
6457794
6458805
6460670
6461885
6464668
6464844
6464949
6465352
6466259
6469873
6469988
6470497
6470560
6472458
6473520
6475426
6476027
6477633
6477965
6479453
6480176
6480287
6480936
6483883
6484399
6486272
6486670
6487541
6487859
6488905
6489218
6490898
6492046
6492115
6492647
6493242
6496919
6498466
6499013
6502394
6504766
6504851
6506688
6508332
6508559
6509032
6511030
6512908
6517879
6519443
6520430
6520912
6521231
6522783
6524125
6525558
6527422
6527803
6528040
6531552
6531915
6532221
6535200
6535662
6537670
6540182
6540973
6542148
6544671
6546541
6547390
6547685
6548414
6548676
6549888
6552252
6552362
6552599
6552802
6552843
6556017
6557185
6558795
6559968
6560682
6563900
6563994
6564438
6566084
6567682
6568898
6569584
6570028
6570448
6571831
6572694
6572920
6574324
6575561
6576005
6577059
6578642
6581365
6581666
6582317
6582577
6583709
6584791
6586682
6587082
6587135
6587877
6588357
6588383
6591001
6592255
6592270
6592781
6594336
6594490
6594778
6594785
6594796
6595695
6596620
6598252
6598378
6600633
6600995
6601916
6603170
6603525
6603967
6607577
6607681
6608785
6609574
6613910
6616169
6617318
6618004
6619171
6619647
6620864
6620899
6621653
6621836
6623327
6623507
6623871
6624368
6626175
6627386
6630852
6631259
6635416
6635520
6635947
6635977
6636120
6636131
6636236
6637964
6640598
6640771
6641414
6641457
6642670
6642824
6644903
6645482
6645996
6646084
6647409
6651662
6652161
6652274
6653642
6654778
6656134
6656721
6658185
6660736
6661951
6662948
6664717
6668903
6669864
6671990
6672005
6674506
6674792
6675638
6678024
6678261
6678380
6679176
6682141
6683340
6683800
6685343
6689266
6690474
6692639
6695767
6696431
6696619
6696827
6698698
6702635
6704812
6706054
6706104
6706536
6706772
6706790
6707537
6709008
6709117
6709964
6711143
6711158
6714019
6716644
6717750
6718405
6720360
6721308
6721908
6722021
6724039
6724254
6725252
6726620
6728651
6728713
6728867
6729588
6729794
6730711
6731764
6732379
6733050
6735829
6736641
6737183
6737618
6738627
6740684
6741086
6742389
6743707
6744540
6745961
6746005
6746475
6746541
6748183
6748967
6753255
6757601
6758569
6758741
6759238
6760236
6761478
6761857
6762651
6764625
6769434
6771314
6771574
6771841
6773771
6774338
6774675
6774891
6775479
6776390
6776658
6777548
6779304
6779326
6780135
6780808
6781097
6782713
6783594
6783822
6783917
6784761
6785036
6786924
6787611
6789493
6790110
6791587
6793610
6796124
6797347
6797375
6797468
6798966
6799118
6799476
6801518
6803389
6803827
6804426
6804923
6804960
6805175
6805771
6805978
6807046
6807135
6807747
6808121
6808360
6809158
6809187
6809574
6810469
6819915
6819997
6820161
6821876
6821910
6822300
6822861
6823592
6824932
6825532
6826586
6828899
6829212
6830213
6830783
6831013
6835034
6835387
6839674
6843558
6843776
6844377
6844411
6844935
6845414
6846441
6846743
6846830
6847732
6849750
6851359
6852205
6853607
6854126
6855148
6855348
6857601
6858593
6859930
6861142
6861485
6861914
6862444
6863480
6864391
6864852
6864893
6866033
6868908
6869253
6869636
6869819
6870695
6870893
6870965
6871019
6871230
6872410
6873679
6874822
6875257
6876983
6877243
6877382
6877429
6878831
6880271
6880617
6883854
6884142
6884212
6884305
6884492
6886117
6887958
6893222
6893507
6896551
6897092
6898940
6900281
6900567
6903010
6903170
6905574
6905629
6907067
6907403
6909759
6910232
6910943
6912141
6912440
6912546
6912988
6913180
6914916
6914942
6916602
6918309
6918557
6918824
6919374
6919766
6920493
6921917
6922023
6922081
6922599
6923205
6930577
6932194
6935171
6935443
6935961
6936451
6937194
6938823
6939312
6940475
6942000
6942206
6943489
6944205
6945379
6945877
6946705
6949002
6949227
6949318
6950281
6950504
6951329
6952457
6952575
6953047
6953205
6953866
6957620
6958361
6959799
6960433
6960451
6960465
6962462
6963103
6965097
6966627
6966778
6969881
6970881
6972712
6972726
6974243
6976331
6977549
6978339
6978861
6978947
6979548
6980930
6982798
6984630
6988463
6991651
6992820
6993407
6993837
6993917
6994054
6996591
6998278
7003310
7003530
7003586
7004323
7004367
7007523
7008849
7008939
7010708
7012582
7013025
7013141
7013826
7014039
7014102
7014208
7014807
7015760
7017878
7018519
7018987
7020394
7020542
7023289
7023296
7023642
7023660
7024883
7025001
7025063
7025316
7026089
7026166
7027327
7030174
7030379
7032374
7032723
7032838
7033928
7034254
7035222
7036027
7037474
7037782
7041614
7042148
7042532
7042797
7043998
7044431
7044709
7045488
7046628
7047729
7047859
7048253
7048760
7049243
7049293
7049373
7049823
7051506
7053424
7054288
7056610
7059803
7060187
7061385
7061517
7061850
7062339
7063044
7063407
7063578
7064300
7065171
7065721
7066065
7066588
7066823
7067063
7068437
7068656
7071831
7072547
7073298
7074533
7076283
7077955
7078263
7079080
7079166
7079209
7079226
7079540
7079630
7080334
7080393
7080592
7080915
7081304
7081844
7083610
7084444
7084465
7085544
7086430
7087842
7088024
7088845
7089262
7089269
7089863
7090150
7091088
7091152
7091688
7092628
7093508
7093784
7094666
7095196
7098765
7099486
7099926
7100561
7101975
7111138
7113257
7115850
7117429
7118042
7118456
7119197
7121085
7123833
7124233
7125055
7125366
7126824
7127018
7127182
7130908
7131635
7132257
7135538
7136947
7138342
7141692
7142189
7142362
7142602
7143064
7143489
7147548
7149700
7150069
7151960
7153947
7154233
7154434
7157066
7159224
7159398
7161522
7162361
7165392
7166580
7166696
7167179
7167535
7168409
7169306
7171048
7172007
7172930
7173221
7174249
7176105
7176890
7177511
7177689
7178096
7179795
7179909
7180335
7180587
7182630
7183177
7184292
7186208
7186282
7186966
7187603
7187847
7190418
7191270
7191996
7192835
7192928
7193035
7194314
7194512
7194742
7194783
7196868
7197111
7197733
7197919
7198125
7198266
7198330
7200212
7200296
7200460
7200507
7201176
7203581
7207989
7208182
7208221
7209083
7209224
7209457
7210606
7210708
7211912
7212103
7212245
7212306
7215579
7217000
7218510
7220334
7221422
7221660
7223627
7226090
7226898
7229205
7230455
7231423
7231883
7232014
7233820
7234569
7234657
7234922
7235006
7235234
7240173
7241069
7243871
7247857
7248551
7248998
7250581
7253635
7253845
7254720
7255438
7256499
7257747
7257927
7259769
7260115
7262676
7262976
7263878
7265271
7266316
7269352
7269397
7269613
7269848
7270039
7270301
7273219
7274095
7274162
7275656
7277614
7278248
7281636
7281750
7282937
7283403
7283875
7284455
7285443
7293668
7293951
7295607
7295743
7296354
7299736
7299814
7300748
7301129
7301256
7301725
7302318
7303868
7304454
7305323
7305565
7305643
7307215
7308747
7309419
7309608
7309714
7310071
7313706
7317462
7322092
7324422
7325791
7326838
7327306
7327684
7328112
7329382
7330966
7331220
7331251
7331404
7331561
7332521
7332650
7333375
7333869
7335424
7337154
7337299
7337991
7338583
7341050
7342372
7342542
7344007
7344087
7344847
7344896
7347414
7348547
7349215
7350236
7351425
7352438
7353149
7354168
7354484
7355083
7355493
7355949
7356804
7356957
7357335
7360230
7362374
7364913
7365745
7365937
7366679
7366837
7367977
7369036
7371093
7371294
7371818
7373729
7373813
7374235
7377148
7377547
7378564
7379122
7379805
7386443
7386459
7386604
7387008
7387492
7388401
7388636
7388733
7389448
7390473
7391217
7391719
7392469
7392872
7393925
7393955
7395095
7399709
7400191
7402199
7403446
7403808
7404435
7404587
7406138
7406630
7409056
7409728
7410511
7411010
7412489
7412592
7415477
7417858
7419792
7420701
7423871
7424236
7425892
7427479
7427662
7428072
7428801
7429343
7429605
7430800
7431531
7432351
7434591
7435100
7436448
7436733
7436962
7438439
7438502
7439329
7441298
7441583
7442003
7443192
7443409
7444200
7444596
7445551
7446312
7447363
7451159
7452045
7452152
7453622
7454545
7455036
7455880
7456323
7456522
7456881
7457349
7458286
7459087
7459983
7460532
7462425
7464776
7465680
7466784
7468655
7469189
7469241
7469431
7470839
7471352
7471616
7472080
7472140
7472998
7473103
7473531
7473812
7474586
7474607
7475338
7478044
7481375
7482993
7485602
7488328
7490237
7492225
7492471
7494204
7495523
7495907
7496563
7498729
7500548
7503681
7503954
7507815
7509523
7509700
7511664
7512704
7512950
7513022
7513370
7513435
7514624
7514678
7516902
7517398
7518106
7520995
7521462
7522460
7523221
7523562
7524505
7524613
7524737
7525633
7525760
7528128
7528601
7528792
7529376
7531320
7533088
7533443
7536937
7538850
7539489
7539767
7540566
7541500
7541659
7542478
7544659
7547250
7547575
7547709
7547864
7550393
7552767
7553991
7554057
7554766
7556498
7558568
7560577
7561622
7563128
7563233
7563323
7566547
7567032
7567487
7568185
7569818
7569999
7571544
7572143
7572294
7572953
7573301
7573959
7574203
7577178
7578946
7579591
7581169
7581446
7582309
7582495
7582753
7583097
7583589
7583892
7586116
7587912
7589031
7589501
7591522
7591974
7591993
7592889
7593214
7594914
7595462
7595549
7597241
7598117
7599382
7599780
7602449
7602523
7603534
7606195
7607314
7609355
7611048
7612052
7613455
7614203
7615488
7615587
7616035
7616707
7617501
7617619
7619187
7619397
7620790
7621261
7622474
7622919
7623176
7623500
7623601
7625059
7625917
7626779
7627417
7627421
7627619
7627699
7628737
7628839
7631140
7631587
7632378
7632557
7637083
7637370
7639635
7640535
7641756
7642534
7643225
7644467
7647075
7647391
7648105
7650986
7651150
7652169
7652523
7653512
7655442
7656185
7656898
7657881
7658439
7661985
7662169
7663626
7663944
7665058
7666861
7669411
7669961
7672242
7672377
7672413
7673256
7674478
7674862
7678267
7678427
7679452
7680291
7680695
7681185
7682474
7683799
7686820
7687305
7688417
7689156
7690668
7691343
7691674
7692220
7692451
7694938
7695252
7696398
7697270
7698241
7699407
7700829
7706114
7707517
7708040
7708833
7709602
7709730
7709815
7712447
7714074
7714336
7714972
7715603
7716040
7716044
7721931
7722701
7725308
7725636
7726045
7729608
7729935
7730533
7731398
7732874
7733826
7734348
7734894
7735002
7737350
7737357
7737548
7737901
7737915
7740200
7741534
7743485
7743849
7744635
7745142
7745568
7745887
7747180
7747543
7750599
7751494
7752708
7752886
7753697
7753841
7755661
7755701
7756725
7757464
7764404
7768017
7768505
7769779
7770551
7771988
7774093
7777272
7778537
7778869
7782230
7783983
7786061
7786155
7787115
7787494
7788269
7788317
7789383
7790283
7790815
7791286
7791610
7791997
7793837
7795345
7795569
7796154
7798777
7799573
7799843
7802717
7805155
7805729
7806128
7808515
7808581
7810095
7811177
7813363
7813579
7813847
7816272
7816865
7818810
7819063
7819389
7819443
7820359
7821640
7822221
7822563
7823324
7823747
7825210
7827582
7827705
7829123
7830342
7831415
7833421
7834061
7837518
7839379
7840173
7841599
7842701
7842874
7842889
7843764
7843872
7845679
7847583
7847854
7850580
7852885
7853229
7854951
7855121
7855374
7856202
7858386
7860256
7862491
7863311
7863312
7864081
7864239
7864264
7865167
7865633
7866224
7866482
7866681
7870045
7872034
7872501
7872591
7874231
7874801
7875138
7875192
7877432
7879025
7880010
7880259
7881800
7884311
7884363
7884571
7884705
7884862
7884974
7885309
7885951
7886515
7886795
7888290
7892249
7892572
7893537
7894469
7895523
7895641
7896890
7897640
7898425
7898739
7898853
7899278
7899784
7900567
7902732
7902854
7903552
7905336
7907137
7907711
7908547
7909677
7910867
7912570
7913377
7914404
7916601
7916612
7918110
7918239
7919048
7919435
7922391
7924851
7925114
7926863
7928165
7928532
7932104
7932166
7932302
7932677
7934312
7935201
7937524
7937796
7938990
7941438
7942757
7943441
7943567
7947084
7948513
7949775
7950604
7951212
7951530
7954389
7956539
7957231
7959481
7959524
7960543
7960872
7961580
7964919
7965210
7965650
7966431
7967803
7968044
7969652
7970782
7974112
7975951
7977342
7979766
7979914
7981452
7981582
7982936
7985033
7987903
7988317
7989210
7992082
7992342
7993586
7994583
7994623
7994627
7994729
7997585
7997759
7999721
8000141
8000172
8001039
8001354
8001414
8003250
8003911
8004141
8008121
8010145
8011894
8013591
8013885
8014572
8018463
8018730
8019564
8020339
8021907
8025299
8025488
8029066
8029625
8030718
8031017
8033931
8036264
8036297
8037626
8038522
8040913
8041030
8041132
8041168
8042382
8043742
8044295
8044804
8044806
8044920
8045953
8046582
8047229
8047387
8047809
8047901
8048082
8050026
8050338
8050694
8054316
8055087
8055413
8056358
8056620
8059025
8060021
8063939
8064340
8064477
8065323
8066879
8067257
8067263
8068682
8070102
8072517
8073504
8074967
8075228
8075313
8076020
8079083
8083295
8083988
8084871
8086809
8088873
8089154
8094068
8095043
8097776
8099781
8100931
8100955
8101973
8102945
8103688
8104149
8104567
8105148
8106701
8107680
8110390
8110484
8111800
8117943
8118488
8119582
8120748
8122746
8122855
8123085
8124295
8125124
8125263
8126114
8126421
8126547
8127811
8129371
8131349
8131604
8132950
8133957
8135346
8135402
8137754
8140011
8143459
8144097
8144830
8147589
8147826
8147945
8148008
8150421
8151282
8152089
8153311
8154415
8155413
8156867
8156980
8159560
8159575
8159639
8161026
8162555
8167478
8167516
8168178
8168322
8170358
8172644
8175669
8176018
8176547
8176574
8177024
8177802
8178758
8184898
8185431
8186112
8186317
8187064
8187557
8189316
8189950
8190573
8190981
8192911
8193230
8195184
8195266
8195335
8196485
8196710
8198548
8199768
8200089
8200474
8203597
8205193
8205495
8205559
8205942
8207898
8208588
8208897
8210745
8210925
8211815
8213684
8215764
8216150
8216351
8216541
8216876
8218022
8218177
8221124
8221282
8222484
8222640
8223777
8224444
8226697
8227170
8227330
8228240
8229289
8229487
8230930
8232956
8234196
8234479
8235106
8236095
8236515
8236696
8239922
8240928
8242074
8243113
8244472
8245276
8245832
8246218
8248574
8250161
8250193
8250908
8252050
8253209
8254744
8255451
8258369
8260065
8260759
8266470
8266700
8267572
8267769
8268032
8268585
8268825
8270206
8271391
8273517
8275436
8276307
8276318
8278623
8279339
8279832
8283535
8284379
8285755
8286056
8287205
8287947
8288026
8288997
8289752
8290052
8290230
8291380
8292760
8293731
8294566
8295208
8297203
8299161
8300237
8300238
8302127
8303149
8303881
8304233
8304723
8305155
8305960
8308186
8311957
8313018
8313730
8314020
8315036
8315713
8317775
8318089
8320646
8320748
8326401
8326880
8328788
8329855
8330128
8330819
8336102
8336206
8336309
8337171
8338620
8340736
8341562
8341821
8342205
8342483
8342756
8343145
8343798
8345316
8345867
8347176
8348972
8349895
8350619
8351338
8351509
8352954
8353247
8353344
8353808
8354082
8354560
8354963
8355118
8355134
8355330
8355762
8356845
8357260
8357940
8361017
8361571
8361930
8362158
8362674
8363025
8369153
8369174
8371406
8373232
8376683
8376696
8376863
8378013
8378413
8379229
8379767
8379894
8380098
8380181
8381376
8382401
8382716
8384570
8385727
8385779
8386018
8388616
8391026
8391687
8392053
8392066
8393141
8393786
8395543
8395683
8396435
8396825
8397759
8400677
8400962
8402286
8403728
8404322
8405021
8406447
8407716
8407928
8409229
8409965
8411755
8412358
8412946
8414077
8415671
8415931
8416487
8416593
8417515
8418188
8419693
8420126
8421354
8422926
8424028
8424065
8427174
8427545
8427681
8429183
8430509
8432010
8433234
8436506
8436753
8438372
8439470
8440463
8442200
8442390
8442435
8443555
8444302
8445724
8445907
8447886
8448281
8449024
8450507
8450839
8451540
8452161
8452204
8452316
8452351
8452591
8460442
8461053
8461627
8462050
8463747
8465088
8466119
8466718
8476645
8476905
8477072
8480484
8481241
8481420
8484199
8486216
8486660
8486928
8487088
8488167
8488838
8489839
8490310
8491210
8491786
8491799
8491895
8492948
8493884
8494483
8495239
8495931
8497471
8497732
8498227
8499082
8499112
8499296
8501806
8502592
8503763
8504021
8505548
8507228
8507566
8507734
8509424
8511249
8512304
8513530
8513971
8514366
8514495
8514697
8515244
8515490
8516657
8519814
8520179
8520584
8522731
8522873
8524365
8524907
8525886
8527306
8527946
8528377
8528966
8529525
8530217
8530580
8531164
8532061
8533105
8534734
8536707
8536869
8537452
8538180
8539929
8542377
8542935
8543028
8543285
8543324
8544069
8544249
8544864
8546704
8547891
8548063
8549080
8549387
8552514
8553818
8557227
8557321
8559613
8559800
8561289
8561526
8562056
8564232
8564379
8567115
8568129
8568504
8568558
8569292
8570485
8571044
8571518
8571910
8572460
8572603
8574167
8576136
8579851
8581774
8582232
8582456
8584376
8584759
8585288
8586504
8586733
8587180
8587817
8588194
8589004
8589492
8589640
8590472
8590947
8591854
8592071
8592733
8593276
8594752
8598294
8600208
8601145
8601899
8602726
8603701
8604493
8604840
8606409
8607290
8607471
8608479
8608816
8609148
8609963
8610519
8611653
8611868
8612379
8614936
8615196
8615442
8616577
8617449
8621078
8621730
8623177
8623946
8624240
8626603
8633520
8634500
8634543
8634799
8634956
8640404
8640687
8642604
8642759
8643638
8644248
8647580
8648179
8649685
8650145
8650910
8651414
8651439
8653564
8654288
8654317
8654978
8656057
8657696
8658169
8659339
8659525
8659773
8660383
8660897
8660967
8663389
8663412
8666994
8667128
8668407
8668969
8669023
8669328
8669935
8671424
8673127
8674286
8674441
8675699
8677272
8679092
8679806
8683128
8683388
8684735
8686092
8686728
8688586
8689023
8690364
8690646
8694664
8697554
8698295
8698445
8699515
8699535
8701460
8702015
8702245
8702483
8703215
8704372
8704843
8705124
8707217
8707527
8708308
8709137
8709599
8711799
8712986
8713021
8716301
8717497
8718068
8718280
8720234
8720764
8721281
8721533
8725031
8726688
8729014
8729265
8730683
8730799
8731579
8731589
8732936
8734334
8734493
8735505
8735709
8736102
8736916
8737238
8738209
8738862
8739481
8739625
8740433
8741622
8745584
8745963
8746217
8749062
8749747
8749992
8751310
8751860
8753178
8754319
8757825
8758362
8760508
8762007
8762215
8762456
8763246
8767702
8767986
8769323
8771399
8772246
8772386
8772888
8773028
8773367
8775135
8775921
8778208
8779101
8780303
8780500
8781247
8782551
8784726
8785346
8786283
8786380
8786866
8788189
8791283
8791596
8792899
8793400
8794941
8795410
8799229
8799311
8800059
8802308
8802904
8803468
8806376
8806952
8809067
8809588
8810034
8811625
8812352
8814730
8815133
8815514
8816390
8818398
8820381
8821045
8821229
8821898
8824275
8824347
8826232
8827587
8828706
8829116
8829717
8830018
8831146
8832321
8833701
8837655
8838251
8838474
8838563
8842892
8843781
8845288
8846068
8846228
8846404
8846783
8846791
8847525
8847802
8849074
8849777
8850132
8850699
8850857
8852075
8852206
8853210
8856240
8857523
8859434
8859857
8860141
8863136
8863593
8867327
8867572
8868141
8868936
8870820
8870935
8873328
8876061
8876696
8877928
8880878
8880929
8881040
8881799
8882144
8882249
8882836
8885946
8888471
8889009
8892266
8892565
8892978
8893289
8893890
8894724
8894834
8894878
8895955
8898958
8899367
8900207
8900748
8901014
8902373
8902638
8903240
8905081
8905367
8905485
8905499
8905629
8906567
8909530
8912358
8913257
8913737
8915353
8918480
8918853
8918907
8919532
8920707
8920783
8922222
8923125
8923193
8923327
8924071
8924860
8925419
8927226
8927383
8927663
8928320
8930101
8933914
8934662
8935325
8937913
8938261
8938412
8938532
8938854
8940242
8942370
8942442
8943601
8943824
8947161
8947825
8947834
8950124
8950473
8950524
8950709
8952281
8954159
8955461
8955623
8958138
8959919
8960409
8960461
8961609
8962407
8964051
8964660
8967382
8969486
8969721
8970888
8972730
8973227
8973875
8975043
8975058
8975870
8977972
8978035
8981095
8982031
8982083
8984185
8984663
8985112
8986131
8987249
8987259
8989594
8990917
8991627
8995773
8996364
8997004
8998833
9000217
9000448
9002865
9004801
9006190
9006605
9006745
9006852
9008819
9009385
9009764
9009941
9010756
9010980
9011623
9014075
9016758
9019593
9021954
9022019
9022970
9023106
9024018
9025403
9025670
9025915
9028483
9029217
9029689
9030577
9032591
9033574
9035345
9039825
9042260
9045050
9045572
9045952
9047239
9049435
9051017
9051501
9051841
9053854
9054595
9056605
9056728
9056879
9057959
9058126
9061287
9061734
9064972
9065536
9066465
9071950
9072707
9076531
9076858
9077098
9077470
9078156
9079522
9083860
9084232
9087142
9087721
9089716
9090566
9092352
9094358
9095167
9095681
9096159
9097543
9098267
9098502
9100959
9101143
9106120
9106424
9106871
9107496
9108009
9108545
9108785
9109161
9110578
9111740
9114355
9114497
9114572
9114931
9115780
9117093
9119027
9121462
9123234
9128773
9132578
9134537
9134577
9136126
9136960
9138369
9138668
9139359
9142069
9142404
9142952
9144235
9144288
9144313
9145010
9145254
9148438
9149747
9152883
9153175
9154529
9158170
9158228
9158375
9159179
9161229
9161241
9161829
9163394
9164284
9165014
9165455
9165500
9168881
9168960
9169111
9170156
9174484
9175310
9177807
9177957
9178100
9180109
9180978
9182898
9183082
9184353
9184514
9184711
9185859
9186867
9187484
9188717
9189505
9190773
9191025
9191243
9191246
9191535
9191652
9192741
9193176
9194480
9194886
9197820
9198610
9199490
9199889
9200007
9200820
9201758
9202048
9202086
9202591
9202751
9202920
9204630
9204810
9205483
9207210
9207965
9210410
9212177
9212963
9217650
9220614
9220661
9220894
9221870
9222267
9223243
9224224
9226813
9226840
9227448
9228462
9228588
9228741
9229132
9229737
9231057
9231889
9232012
9232280
9233435
9235749
9236179
9236439
9237402
9237456
9239160
9239826
9240172
9240555
9240557
9241094
9241185
9241379
9241502
9241881
9244237
9244798
9244898
9244935
9245088
9247532
9247910
9248556
9249204
9249680
9250701
9250846
9254895
9254917
9255636
9255800
9258287
9261434
9261576
9265911
9267950
9268019
9268078
9268698
9269627
9270820
9273594
9274542
9275104
9275211
9276245
9277402
9277473
9278632
9278806
9279131
9279902
9279996
9283340
9283812
9285276
9286581
9286816
9289845
9293545
9293585
9294966
9295535
9296422
9296950
9298110
9301097
9301174
9302081
9304773
9304835
9304964
9305545
9305917
9306114
9307072
9307598
9309942
9310389
9310915
9311434
9312441
9313269
9313934
9315620
9315811
9317031
9317468
9318276
9319092
9319408
9320875
9322260
9322732
9322893
9323797
9324624
9324902
9325103
9325656
9327045
9328344
9330260
9330688
9331258
9331543
9331738
9331914
9332130
9332157
9332901
9333276
9333304
9334186
9334881
9335980
9336419
9337912
9338904
9339559
9340648
9341293
9342440
9342639
9342835
9342932
9345121
9346390
9346580
9350110
9350283
9350710
9350852
9352123
9353337
9354764
9357079
9357573
9359557
9359793
9360340
9360975
9361024
9361386
9361655
9362109
9362384
9364307
9364963
9365718
9366228
9366291
9367313
9367703
9368695
9368755
9370291
9370410
9370862
9370977
9371423
9371846
9373352
9374176
9375084
9375581
9377049
9378732
9379221
9380387
9382001
9382446
9383491
9383698
9384156
9386245
9386581
9388432
9389408
9389719
9390264
9390853
9391029
9391087
9391320
9391927
9396500
9396820
9397657
9398481
9400181
9400578
9400733
9404455
9404735
9405703
9405804
9406583
9411588
9411636
9412389
9413426
9413874
9416939
9417339
9417794
9418169
9419099
9419150
9419672
9419715
9421647
9425373
9427606
9428604
9428796
9429784
9431423
9433564
9434836
9435127
9435733
9436475
9436885
9437448
9438043
9439221
9440881
9442949
9445266
9446553
9447831
9449506
9449650
9450957
9451578
9451737
9457065
9457397
9457546
9459054
9459443
9460630
9460984
9462486
9463200
9465054
9466095
9467294
9469177
9469287
9470710
9473878
9474219
9475417
9475696
9477101
9478058
9480127
9481418
9483594
9484317
9486589
9486914
9487259
9487810
9490522
9494162
9494263
9494788
9496968
9500368
9500619
9501291
9502869
9502962
9503393
9503423
9506814
9507650
9508734
9509466
9510428
9512984
9513372
9516910
9518344
9518529
9520601
9521206
9521624
9523926
9524081
9525714
9526601
9527305
9527486
9527891
9528622
9530566
9532830
9533419
9535924
9535931
9536478
9536795
9536993
9538537
9539425
9540060
9540114
9540917
9542228
9542960
9544587
9544989
9545832
9545883
9547606
9547626
9547861
9548143
9549436
9550937
9552149
9555224
9555424
9555887
9556462
9558248
9558273
9560122
9560861
9561250
9563813
9564336
9564456
9565754
9568032
9571539
9578888
9580468
9583296
9588150
9589243
9590647
9590731
9592073
9592464
9592701
9593300
9593439
9595666
9596175
9597037
9597224
9597496
9598125
9599240
9599824
9599831
9600582
9602281
9602375
9602476
9602539
9603767
9604733
9605087
9606005
9606029
9606145
9610555
9610895
9612127
9612927
9613935
9614657
9616805
9616913
9620040
9620093
9621839
9622514
9622683
9623602
9625624
9626571
9628822
9629263
9629999
9631485
9632257
9632924
9634064
9634903
9636380
9636719
9638187
9640046
9642120
9642795
9644239
9644823
9647848
9648446
9651819
9653347
9655023
9655208
9657073
9657901
9659172
9659231
9659657
9660512
9661122
9662267
9662274
9662763
9662929
9663029
9663087
9663355
9663671
9666502
9668306
9670775
9671189
9671620
9671681
9674359
9674511
9675325
9677438
9677788
9678820
9679191
9679199
9679222
9679886
9681967
9682690
9683083
9684907
9688375
9688858
9689287
9689499
9692045
9692222
9695051
9696777
9698052
9699635
9701748
9702373
9702851
9702890
9703634
9704432
9704686
9704718
9705143
9705474
9706330
9706679
9707273
9707568
9708542
9711849
9712302
9712530
9713961
9714741
9714918
9717246
9719526
9721945
9722051
9722420
9722674
9724151
9724156
9726018
9726925
9727025
9727033
9729733
9730161
9731385
9731526
9731805
9732315
9732544
9733516
9735670
9735758
9736320
9737690
9738103
9740456
9741068
9743259
9743814
9744660
9744727
9746104
9746408
9746780
9746954
9749001
9749777
9750202
9750733
9752553
9753335
9754610
9754669
9755508
9755699
9756836
9758860
9758934
9759043
9759344
9759420
9759887
9762344
9764395
9765272
9769043
9769561
9770381
9770679
9774629
9775707
9776168
9777785
9778018
9778633
9780340
9782115
9784102
9784661
9789097
9789503
9789984
9790401
9790589
9791157
9791922
9792041
9794155
9794291
9794985
9795956
9797172
9797513
9797541
9797597
9797767
9797947
9799093
9799384
9801206
9801409
9803554
9804349
9804558
9804830
9804846
9808880
9812207
9812962
9814259
9814267
9814987
9815887
9817496
9817690
9818230
9818396
9818457
9819141
9819309
9820885
9821134
9822071
9822614
9825027
9825531
9827335
9828880
9831307
9831491
9831985
9832118
9832218
9832568
9833252
9833640
9833734
9834933
9835239
9835850
9836305
9836447
9839225
9840334
9841550
9846143
9847062
9848739
9848955
9851525
9851747
9853704
9853789
9853929
9854719
9858732
9860216
9861846
9862662
9863413
9863604
9864199
9864302
9864360
9866672
9870807
9870997
9871157
9872237
9872667
9874290
9874960
9878075
9878302
9879321
9879627
9880356
9880949
9881822
9885144
9886047
9887947
9889912
9889977
9890290
9890831
9891897
9895544
9895887
9896076
9896526
9896809
9897703
9900218
9901044
9901428
9901649
9902070
9902350
9902602
9904903
9904939
9905370
9905772
9907305
9907475
9908951
9910125
9911579
9911613
9914289
9914770
9914785
9918032
9918431
9918766
9918797
9920406
9921280
9921380
9922945
9924263
9925342
9928741
9930421
9930434
9932404
9932811
9933510
9935161
9935238
9935416
9935629
9936860
9937984
9938770
9939038
9942947
9943855
9943965
9944200
9944363
9946401
9949628
9950348
9950460
9950738
9952223
9953592
9955279
9956787
9958649
9961084
9962905
9963223
9963269
9966434
9967770
9969752
9969764
9971179
9972107
9974899
9976031
9976333
9976820
9977426
9978215
9979664
9981825
9982167
9983721
9983984
9985465
9986872
9991517
9992932
9997388
9997488
9998161
